273
657
362
999
252
756
343
518
74
474
204
781
978
497
163
393
377
520
111
1000
823
745
623
50
935
31
800
686
247
818
616
399
725
98
261
235
592
121
378
825
422
445
811
784
302
533
585
185
675
934
578
307
580
139
480
105
615
492
876
906
367
737
198
692
673
744
435
835
622
798
443
346
559
563
2
182
104
420
358
626
89
502
9
850
186
808
595
539
64
965
703
99
172
608
849
153
3
526
609
22
720
382
775
142
693
438
215
977
464
681
639
542
923
88
366
588
719
568
759
484
432
439
162
236
465
174
86
951
996
403
701
636
939
925
874
495
628
229
37
170
569
901
242
955
793
85
724
521
755
101
83
581
44
364
517
932
603
959
733
761
250
833
68
448
892
888
218
210
360
506
865
953
772
632
63
799
289
226
167
293
547
243
363
694
826
81
368
991
342
354
326
913
73
79
629
606
981
836
53
656
666
710
380
258
889
726
806
803
309
891
509
987
149
467
45
556
674
670
297
774
742
859
884
856
839
175
246
765
796
461
699
887
979
262
103
102
404
131
123
660
881
855
786
127
564
974
501
738
4
34
259
769
444
176
375
557
909
586
376
530
821
294
523
436
706
270
48
263
760
67
199
192
276
916
159
292
707
843
462
284
84
750
687
846
912
899
680
279
390
766
489
134
220
910
351
479
611
171
451
893
718
414
55
883
852
251
942
653
504
922
599
475
431
728
161
929
496
908
301
573
318
478
541
184
555
469
528
392
100
831
424
466
645
927
33
937
691
667
129
221
486
468
71
740
128
283
587
237
493
993
17
257
652
41
503
928
828
288
895
254
58
18
540
193
950
536
985
525
277
306
577
783
576
148
164
716
954
519
900
36
272
331
844
359
114
552
434
29
7
168
456
365
177
642
964
281
65
47
454
926
410
256
890
763
902
572
529
664
594
671
534
531
921
453
574
936
975
941
961
727
550
60
787
860
924
770
240
535
820
271
962
141
816
305
421
62
700
500
834
158
387
644
679
861
815
735
189
450
202
866
260
633
715
352
160
296
641
224
291
190
16
49
915
676
265
317
944
417
598
960
138
662
867
233
196
561
24
931
863
804
124
320
677
116
663
205
511
165
785
472
211
180
42
145
219
810
919
566
938
604
